!!!!!!!!!!!!!!!!!!!!!!!!!!!!!!!!!!!!!!!!!!!!!!!!!!!!!!!!!!!!!!!!!
Error: 112.50903725520867
w12: [[-0.8766025528204017,-0.8707620787120371,-0.888194275896524,-0.7663943187586901,-3.245186590587189],[-2.4463390233703968,-2.4045615610016364,-2.616105760922129,-2.331125522412257,7.639312306698816],[-0.021399411185148834,-5.326521465977026,-0.48119791137842655,-0.10679938555942076,-1.073009800746512],[-2.1088345731445446,-2.023854802180484,-1.962360200143623,-2.1436343633024983,9.821582436821801],[0.25498263324807213,0.48514877844627574,0.42372643871364074,0.45822050010901827,0.5238847339446475],[0.9097130113346636,0.9098080590491285,0.9096972593804111,0.9097149528944052,0.9097454085730865]]
w23: [[-10.91672196705683,5.2194876825062355,-5.6395641280593996,-5.277022643841325,1.4626033319591132,1.202494705045923]]
thrsh2: 26.525181525983317,5.887026021896878,8.035193902577882,-1.6774542601690612,0.5280977890678442,0.6541669962143307
thrsh3: 1.195627335025399
!!!!!!!!!!!!!!!!!!!!!!!!!!!!!!!!!!!!!!!!!!!!!!!!!!!!!!!!!!!!!!!!!
